1 2 0 -1
10 2 0 -1
10 1 1 110110000
1 1 1 111111000
0 0 0 -1
0 2 1 111111111
0 3 0 -1
100 2 0 -1
100 1 1 100100000
1000 2 0 -1
1000 1 1 111000001
1001 0 1 111000000
1001 1 0 -1
10001 0 1 110000000
10001 1 0 -1
10000 2 0 -1
10000 1 1 110000011
10010 0 1 110000000
10010 1 0 -1
100001 0 1 100000000
100001 1 0 -1
100000 2 0 -1
100000 1 1 100000111
100010 0 1 100000000
100010 1 0 -1
100100 0 1 100000000
100100 1 0 -1
100001001 0 0 -1
100001000 0 1 1
100001000 1 0 -1
100000100 0 1 100000
100000100 1 0 -1
100000000 2 0 -1
100000000 1 1 111111
100000001 0 1 111000
100000001 1 0 -1
100000010 0 1 110000
100000010 1 0 -1
100010001 0 0 -1
100010000 0 1 11
100010000 1 0 -1
100010010 0 0 -1
100100001 0 0 -1
100100000 0 1 111
100100000 1 0 -1
100100010 0 0 -1
100100100 0 0 -1
10000010 0 1 10000
10000010 1 0 -1
10000000 2 0 -1
10000000 1 1 11011
10000001 0 1 11000
10000001 1 0 -1
10001000 0 1 1
10001000 1 0 -1
10001001 0 0 -1
10010001 0 0 -1
10010010 0 0 -1
10010000 0 1 11
10010000 1 0 -1
1000001 0 1 1000
1000001 1 0 -1
1000000 2 0 -1
1000000 1 1 1001
1001001 0 0 -1
1001000 0 1 1
1001000 1 0 -1
