1 0 0 -1
1 0 1 1111110
1 2 0 -1
1 2 1 1111110
1 4 0 -1
1 4 1 1111110
1 1 0 -1
1 1 1 1111110
1 3 0 -1
1 3 1 1111110
11 0 0 -1
11 0 1 1111100
11 2 0 -1
11 2 1 1111100
11 4 0 -1
11 4 1 1111100
11 1 0 -1
11 1 1 1111100
11 3 0 -1
11 3 1 1111100
10 0 0 -1
10 0 1 1111101
10 2 0 -1
10 2 1 1111101
10 4 0 -1
10 4 1 1111101
10 1 0 -1
10 1 1 1111101
10 3 0 -1
10 3 1 1111101
0 0 0 -1
0 0 1 1111111
0 2 0 -1
0 2 1 1111111
0 4 0 -1
0 4 1 1111111
0 1 0 -1
0 1 1 1111111
0 3 0 -1
0 3 1 1111111
100 0 0 -1
100 0 1 1111011
100 2 0 -1
100 2 1 1111011
100 4 0 -1
100 4 1 1111011
100 1 0 -1
100 1 1 1111011
100 3 0 -1
100 3 1 1111011
101 0 0 -1
101 0 1 1111010
101 2 0 -1
101 2 1 1111010
101 4 0 -1
101 4 1 1111010
101 1 0 -1
101 1 1 1111010
101 3 0 -1
101 3 1 1111010
110 0 0 -1
110 0 1 1111001
110 2 0 -1
110 2 1 1111001
110 4 0 -1
110 4 1 1111001
110 1 0 -1
110 1 1 1111001
110 3 0 -1
110 3 1 1111001
111 0 0 -1
111 0 1 1111000
111 2 0 -1
111 2 1 1111000
111 4 0 -1
111 1 0 -1
111 1 1 1111000
111 3 0 -1
111 3 1 1111000
1000 0 0 -1
1000 0 1 1110111
1000 2 0 -1
1001 0 0 -1
1001 0 1 1110110
1001 2 0 -1
1000 2 1 1110111
1010 0 0 -1
1001 2 1 1110110
1001 4 0 -1
1001 4 1 1110110
1001 1 0 -1
1001 1 1 1110110
1001 3 0 -1
1010 0 1 1110101
1010 2 0 -1
1000 4 0 -1
1000 4 1 1110111
1000 1 0 -1
1000 1 1 1110111
1000 3 0 -1
1000 3 1 1110111
1010 2 1 1110101
1010 4 0 -1
1010 4 1 1110101
1010 1 0 -1
1010 1 1 1110101
1010 3 0 -1
1010 3 1 1110101
1001 3 1 1110110
1011 0 0 -1
1011 0 1 1110100
1011 2 0 -1
1011 2 1 1110100
1011 4 0 -1
1011 1 0 -1
1011 1 1 1110100
1011 3 0 -1
1011 3 1 1110100
1100 0 0 -1
1101 0 0 -1
1101 0 1 1110010
1101 2 0 -1
1101 2 1 1110010
1101 4 0 -1
1101 1 0 -1
1101 1 1 1110010
1101 3 0 -1
1101 3 1 1110010
1100 0 1 1110011
1100 2 0 -1
1100 2 1 1110011
1100 4 0 -1
1100 4 1 1110011
1100 1 0 -1
1100 1 1 1110011
1100 3 0 -1
1100 3 1 1110011
1111 0 0 -1
1110 0 0 -1
1110 0 1 1110001
1110 2 0 -1
1110 2 1 1110001
1110 4 0 -1
1110 1 0 -1
1110 1 1 1110001
1110 3 0 -1
1111 0 1 1110000
1110 3 1 1110001
1111 2 0 -1
1111 2 1 1110000
1111 1 0 -1
1111 1 1 1110000
1111 3 0 -1
10000 0 0 -1
10000 0 1 1101111
10000 2 0 -1
10000 2 1 1101111
10000 4 0 -1
10000 4 1 1101111
10000 1 0 -1
10000 1 1 1101111
10000 3 0 -1
10000 3 1 1101111
10001 0 0 -1
10001 0 1 1101110
10001 2 0 -1
10001 2 1 1101110
10001 4 0 -1
10001 4 1 1101110
10001 1 0 -1
10001 1 1 1101110
10001 3 0 -1
10001 3 1 1101110
10010 0 0 -1
10010 0 1 1101101
10010 2 0 -1
10010 2 1 1101101
10011 0 0 -1
10011 0 1 1101100
10011 2 0 -1
10011 2 1 1101100
10011 4 0 -1
10011 1 0 -1
10011 1 1 1101100
10011 3 0 -1
10011 3 1 1101100
10010 4 0 -1
10010 4 1 1101101
10010 1 0 -1
10010 1 1 1101101
10010 3 0 -1
10010 3 1 1101101
10100 0 0 -1
10100 0 1 1101011
10100 2 0 -1
10100 2 1 1101011
10100 4 0 -1
10100 4 1 1101011
10100 1 0 -1
10100 1 1 1101011
10100 3 0 -1
10101 0 0 -1
10101 0 1 1101010
10101 2 0 -1
10101 2 1 1101010
10101 4 0 -1
10101 1 0 -1
10101 1 1 1101010
10101 3 0 -1
10101 3 1 1101010
10100 3 1 1101011
10110 0 0 -1
10110 0 1 1101001
10110 2 0 -1
10110 2 1 1101001
10110 4 0 -1
10110 1 0 -1
10110 1 1 1101001
10110 3 0 -1
10110 3 1 1101001
10111 0 0 -1
10111 0 1 1101000
10111 2 0 -1
10111 2 1 1101000
10111 1 0 -1
10111 1 1 1101000
10111 3 0 -1
11000 0 0 -1
11000 0 1 1100111
11000 2 0 -1
11000 2 1 1100111
11000 4 0 -1
11000 4 1 1100111
11000 1 0 -1
11000 1 1 1100111
11000 3 0 -1
11000 3 1 1100111
11001 0 0 -1
11001 0 1 1100110
11001 2 0 -1
11001 2 1 1100110
11001 4 0 -1
11001 1 0 -1
11001 1 1 1100110
11001 3 0 -1
11001 3 1 1100110
11011 0 0 -1
11011 0 1 1100100
11011 2 0 -1
11011 2 1 1100100
11011 1 0 -1
11011 1 1 1100100
11011 3 0 -1
11010 0 0 -1
11010 0 1 1100101
11010 2 0 -1
11010 2 1 1100101
11010 4 0 -1
11010 1 0 -1
11010 1 1 1100101
11010 3 0 -1
11010 3 1 1100101
11100 0 0 -1
11100 0 1 1100011
11100 2 0 -1
11101 0 0 -1
11101 0 1 1100010
11100 2 1 1100011
11100 4 0 -1
11100 1 0 -1
11101 2 0 -1
11101 2 1 1100010
11101 1 0 -1
11101 1 1 1100010
11101 3 0 -1
11100 1 1 1100011
11100 3 0 -1
11100 3 1 1100011
11110 0 0 -1
11110 0 1 1100001
11110 2 0 -1
11110 2 1 1100001
11110 1 0 -1
11110 1 1 1100001
11110 3 0 -1
11111 0 0 -1
11111 0 1 1100000
11111 2 0 -1
11111 1 0 -1
11111 1 1 1100000
1000011 0 0 -1
1000011 0 1 111100
1000011 2 0 -1
1000011 2 1 111100
1000011 4 0 -1
1000011 1 0 -1
1000011 1 1 111100
1000011 3 0 -1
1000011 3 1 111100
1000010 0 0 -1
1000010 0 1 111101
1000010 2 0 -1
1000010 2 1 111101
1000010 4 0 -1
1000010 4 1 111101
1000010 1 0 -1
1000010 1 1 111101
1000010 3 0 -1
1000010 3 1 111101
1000001 0 0 -1
1000001 0 1 111110
1000001 2 0 -1
1000001 2 1 111110
1000001 4 0 -1
1000001 4 1 111110
1000001 1 0 -1
1000001 1 1 111110
1000001 3 0 -1
1000001 3 1 111110
1000000 0 0 -1
1000000 0 1 111111
1000000 2 0 -1
1000000 2 1 111111
1000000 4 0 -1
1000000 4 1 111111
1000000 1 0 -1
1000000 1 1 111111
1000000 3 0 -1
1000000 3 1 111111
1000111 0 0 -1
1000111 0 1 111000
1000111 2 0 -1
1000111 2 1 111000
1000111 1 0 -1
1000111 1 1 111000
1000111 3 0 -1
1000101 0 0 -1
1000101 0 1 111010
1000101 2 0 -1
1000101 2 1 111010
1000101 4 0 -1
1000101 1 0 -1
1000101 1 1 111010
1000101 3 0 -1
1000101 3 1 111010
1000110 0 0 -1
1000110 0 1 111001
1000110 2 0 -1
1000110 2 1 111001
1000110 4 0 -1
1000110 1 0 -1
1000110 1 1 111001
1000110 3 0 -1
1000110 3 1 111001
1000100 0 0 -1
1000100 0 1 111011
1000100 2 0 -1
1000100 2 1 111011
1000100 4 0 -1
1000100 4 1 111011
1000100 1 0 -1
1000100 1 1 111011
1000100 3 0 -1
1000100 3 1 111011
1001001 0 0 -1
1001001 0 1 110110
1001001 2 0 -1
1001001 2 1 110110
1001001 4 0 -1
1001001 1 0 -1
1001001 1 1 110110
1001001 3 0 -1
1001001 3 1 110110
1001000 0 0 -1
1001000 0 1 110111
1001000 2 0 -1
1001000 2 1 110111
1001000 4 0 -1
1001000 4 1 110111
1001000 1 0 -1
1001000 1 1 110111
1001000 3 0 -1
1001000 3 1 110111
1001011 0 0 -1
1001011 0 1 110100
1001011 2 0 -1
1001011 2 1 110100
1001011 1 0 -1
1001011 1 1 110100
1001011 3 0 -1
1001010 0 0 -1
1001010 0 1 110101
1001010 2 0 -1
1001010 2 1 110101
1001010 4 0 -1
1001010 1 0 -1
1001010 1 1 110101
1001010 3 0 -1
1001010 3 1 110101
1001101 0 0 -1
1001101 0 1 110010
1001101 2 0 -1
1001101 2 1 110010
1001101 1 0 -1
1001101 1 1 110010
1001100 0 0 -1
1001100 0 1 110011
1001100 2 0 -1
1001100 2 1 110011
1001100 4 0 -1
1001100 1 0 -1
1001101 3 0 -1
1001100 1 1 110011
1001100 3 0 -1
1001100 3 1 110011
1001111 0 0 -1
1001111 0 1 110000
1001111 2 0 -1
1001111 1 0 -1
1001111 1 1 110000
1001110 0 0 -1
1001110 0 1 110001
1001110 2 0 -1
1001110 2 1 110001
1001110 1 0 -1
1001110 1 1 110001
1001110 3 0 -1
1010011 0 0 -1
1010011 0 1 101100
1010011 2 0 -1
1010011 2 1 101100
1010011 1 0 -1
1010011 1 1 101100
1010011 3 0 -1
1010010 0 0 -1
1010010 0 1 101101
1010010 2 0 -1
1010010 2 1 101101
1010010 4 0 -1
1010010 1 0 -1
1010010 1 1 101101
1010010 3 0 -1
1010010 3 1 101101
1010001 0 0 -1
1010001 0 1 101110
1010001 2 0 -1
1010001 2 1 101110
1010001 4 0 -1
1010001 1 0 -1
1010001 1 1 101110
1010001 3 0 -1
1010001 3 1 101110
1010000 0 0 -1
1010000 0 1 101111
1010000 2 0 -1
1010000 2 1 101111
1010000 4 0 -1
1010000 4 1 101111
1010000 1 0 -1
1010000 1 1 101111
1010000 3 0 -1
1010000 3 1 101111
1010111 0 0 -1
1010111 0 1 101000
1010111 2 0 -1
1010111 1 0 -1
1010111 1 1 101000
1010110 0 0 -1
1010110 0 1 101001
1010110 2 0 -1
1010110 2 1 101001
1010110 1 0 -1
1010110 1 1 101001
1010110 3 0 -1
1010101 0 0 -1
1010101 0 1 101010
1010101 2 0 -1
1010101 2 1 101010
1010101 1 0 -1
1010101 1 1 101010
1010101 3 0 -1
1010100 0 0 -1
1010100 0 1 101011
1010100 2 0 -1
1010100 2 1 101011
1010100 4 0 -1
1010100 1 0 -1
1010100 1 1 101011
1010100 3 0 -1
1010100 3 1 101011
1011001 0 0 -1
1011001 0 1 100110
1011001 2 0 -1
1011001 2 1 100110
1011001 1 0 -1
1011001 1 1 100110
1011001 3 0 -1
1011000 0 0 -1
1011000 0 1 100111
1011000 2 0 -1
1011000 2 1 100111
1011000 4 0 -1
1011000 1 0 -1
1011000 1 1 100111
1011000 3 0 -1
1011000 3 1 100111
1011011 0 0 -1
1011011 0 1 100100
1011011 2 0 -1
1011011 1 0 -1
1011011 1 1 100100
1011010 0 0 -1
1011010 0 1 100101
1011010 2 0 -1
1011010 2 1 100101
1011010 1 0 -1
1011010 1 1 100101
1011010 3 0 -1
1011101 0 0 -1
1011101 0 1 100010
1011101 2 0 -1
1011101 1 0 -1
1011101 1 1 100010
1011100 0 0 -1
1011100 0 1 100011
1011100 2 0 -1
1011100 2 1 100011
1011100 1 0 -1
1011100 1 1 100011
1011100 3 0 -1
1011111 0 0 -1
1011111 0 1 100000
1011111 1 0 -1
1011110 0 0 -1
1011110 0 1 100001
1011110 2 0 -1
1011110 1 0 -1
1011110 1 1 100001
100000 0 0 -1
100000 0 1 1011111
100000 2 0 -1
100000 2 1 1011111
100000 4 0 -1
100000 4 1 1011111
100000 1 0 -1
100000 1 1 1011111
100000 3 0 -1
100000 3 1 1011111
100011 0 0 -1
100011 0 1 1011100
100011 2 0 -1
100011 2 1 1011100
100011 4 0 -1
100011 1 0 -1
100011 1 1 1011100
100011 3 0 -1
100011 3 1 1011100
100010 0 0 -1
100010 0 1 1011101
100010 2 0 -1
100010 2 1 1011101
100001 0 0 -1
100001 0 1 1011110
100001 2 0 -1
100001 2 1 1011110
100001 4 0 -1
100001 4 1 1011110
100001 1 0 -1
100001 1 1 1011110
100001 3 0 -1
100001 3 1 1011110
100010 4 0 -1
100010 4 1 1011101
100010 1 0 -1
100010 1 1 1011101
100010 3 0 -1
100010 3 1 1011101
100101 0 0 -1
100101 0 1 1011010
100101 2 0 -1
100101 2 1 1011010
100101 4 0 -1
100101 1 0 -1
100101 1 1 1011010
100101 3 0 -1
100101 3 1 1011010
100100 0 0 -1
100100 0 1 1011011
100100 2 0 -1
100100 2 1 1011011
100100 4 0 -1
100100 4 1 1011011
100100 1 0 -1
100100 1 1 1011011
100100 3 0 -1
100100 3 1 1011011
100111 0 0 -1
100111 0 1 1011000
100111 2 0 -1
100111 2 1 1011000
100111 1 0 -1
100111 1 1 1011000
100111 3 0 -1
100110 0 0 -1
100110 0 1 1011001
100110 2 0 -1
100110 2 1 1011001
100110 4 0 -1
100110 1 0 -1
100110 1 1 1011001
100110 3 0 -1
100110 3 1 1011001
101001 0 0 -1
101001 0 1 1010110
101001 2 0 -1
101001 2 1 1010110
101001 4 0 -1
101001 1 0 -1
101001 1 1 1010110
101001 3 0 -1
101001 3 1 1010110
101000 0 0 -1
101000 0 1 1010111
101000 2 0 -1
101000 2 1 1010111
101000 4 0 -1
101000 4 1 1010111
101000 1 0 -1
101000 1 1 1010111
101000 3 0 -1
101000 3 1 1010111
101011 0 0 -1
101011 0 1 1010100
101011 2 0 -1
101011 2 1 1010100
101011 1 0 -1
101011 1 1 1010100
101011 3 0 -1
101010 0 0 -1
101010 0 1 1010101
101010 2 0 -1
101010 2 1 1010101
101010 4 0 -1
101010 1 0 -1
101010 1 1 1010101
101010 3 0 -1
101010 3 1 1010101
101101 0 0 -1
101101 0 1 1010010
101101 2 0 -1
101101 2 1 1010010
101101 1 0 -1
101101 1 1 1010010
101101 3 0 -1
101100 0 0 -1
101100 0 1 1010011
101100 2 0 -1
101100 2 1 1010011
101100 4 0 -1
101100 1 0 -1
101100 1 1 1010011
101100 3 0 -1
101100 3 1 1010011
101111 0 0 -1
101111 0 1 1010000
101111 2 0 -1
101111 1 0 -1
101111 1 1 1010000
101110 0 0 -1
101110 0 1 1010001
101110 2 0 -1
101110 2 1 1010001
101110 1 0 -1
101110 1 1 1010001
101110 3 0 -1
110001 0 0 -1
110001 0 1 1001110
110001 2 0 -1
110001 2 1 1001110
110001 4 0 -1
110001 1 0 -1
110001 1 1 1001110
110001 3 0 -1
110001 3 1 1001110
110000 0 0 -1
110000 0 1 1001111
110000 2 0 -1
110000 2 1 1001111
110000 4 0 -1
110000 4 1 1001111
110000 1 0 -1
110000 1 1 1001111
110000 3 0 -1
110000 3 1 1001111
110011 0 0 -1
110011 0 1 1001100
110011 2 0 -1
110011 2 1 1001100
110011 1 0 -1
110011 1 1 1001100
110011 3 0 -1
110010 0 0 -1
110010 0 1 1001101
110010 2 0 -1
110010 2 1 1001101
110010 4 0 -1
110010 1 0 -1
110010 1 1 1001101
110010 3 0 -1
110010 3 1 1001101
110101 0 0 -1
110101 0 1 1001010
110101 2 0 -1
110101 2 1 1001010
110101 1 0 -1
110101 1 1 1001010
110101 3 0 -1
110100 0 0 -1
110100 0 1 1001011
110100 2 0 -1
110100 2 1 1001011
110100 4 0 -1
110100 1 0 -1
110100 1 1 1001011
110100 3 0 -1
110100 3 1 1001011
110110 0 0 -1
110110 0 1 1001001
110110 2 0 -1
110110 2 1 1001001
110110 1 0 -1
110110 1 1 1001001
110110 3 0 -1
110111 0 0 -1
110111 0 1 1001000
110111 2 0 -1
110111 1 0 -1
110111 1 1 1001000
111000 0 0 -1
111000 0 1 1000111
111000 2 0 -1
111000 2 1 1000111
111000 4 0 -1
111000 1 0 -1
111000 1 1 1000111
111000 3 0 -1
111000 3 1 1000111
111001 0 0 -1
111001 0 1 1000110
111001 2 0 -1
111001 2 1 1000110
111001 1 0 -1
111001 1 1 1000110
111001 3 0 -1
111010 0 0 -1
111010 0 1 1000101
111010 2 0 -1
111010 2 1 1000101
111010 1 0 -1
111010 1 1 1000101
111010 3 0 -1
111011 0 0 -1
111011 0 1 1000100
111011 2 0 -1
111011 1 0 -1
111011 1 1 1000100
111101 0 0 -1
111101 0 1 1000010
111101 2 0 -1
111101 1 0 -1
111101 1 1 1000010
111100 0 0 -1
111100 0 1 1000011
111100 2 0 -1
111100 2 1 1000011
111100 1 0 -1
111100 1 1 1000011
111100 3 0 -1
111111 0 0 -1
111111 0 1 1000000
111111 1 0 -1
111110 0 0 -1
111110 0 1 1000001
111110 2 0 -1
111110 1 0 -1
111110 1 1 1000001
1100000 0 0 -1
1100000 0 1 11111
1100000 2 0 -1
1100000 2 1 11111
1100000 4 0 -1
1100000 4 1 11111
1100000 1 0 -1
1100000 1 1 11111
1100000 3 0 -1
1100000 3 1 11111
1100001 0 0 -1
1100001 0 1 11110
1100001 2 0 -1
1100001 2 1 11110
1100001 4 0 -1
1100001 1 0 -1
1100001 1 1 11110
1100001 3 0 -1
1100001 3 1 11110
1100011 0 0 -1
1100011 0 1 11100
1100011 2 0 -1
1100011 2 1 11100
1100011 1 0 -1
1100011 1 1 11100
1100011 3 0 -1
1100010 0 0 -1
1100010 0 1 11101
1100010 2 0 -1
1100010 2 1 11101
1100010 4 0 -1
1100010 1 0 -1
1100010 1 1 11101
1100010 3 0 -1
1100010 3 1 11101
1100100 0 0 -1
1100100 0 1 11011
1100100 2 0 -1
1100100 2 1 11011
1100100 4 0 -1
1100100 1 0 -1
1100100 1 1 11011
1100100 3 0 -1
1100100 3 1 11011
1100101 0 0 -1
1100101 0 1 11010
1100101 2 0 -1
1100101 2 1 11010
1100101 1 0 -1
1100101 1 1 11010
1100101 3 0 -1
1100110 0 0 -1
1100110 0 1 11001
1100110 2 0 -1
1100110 2 1 11001
1100110 1 0 -1
1100110 1 1 11001
1100110 3 0 -1
1100111 0 0 -1
1100111 0 1 11000
1100111 2 0 -1
1100111 1 0 -1
1100111 1 1 11000
1101011 0 0 -1
1101011 0 1 10100
1101011 2 0 -1
1101011 1 0 -1
1101011 1 1 10100
1101010 0 0 -1
1101010 0 1 10101
1101010 2 0 -1
1101010 2 1 10101
1101010 1 0 -1
1101010 1 1 10101
1101010 3 0 -1
1101000 0 0 -1
1101000 0 1 10111
1101000 2 0 -1
1101000 2 1 10111
1101000 4 0 -1
1101000 1 0 -1
1101000 1 1 10111
1101000 3 0 -1
1101000 3 1 10111
1101001 0 0 -1
1101001 0 1 10110
1101001 2 0 -1
1101001 2 1 10110
1101001 1 0 -1
1101001 1 1 10110
1101001 3 0 -1
1101110 0 0 -1
1101110 0 1 10001
1101110 2 0 -1
1101110 1 0 -1
1101110 1 1 10001
1101111 0 0 -1
1101111 0 1 10000
1101111 1 0 -1
1101101 0 0 -1
1101101 0 1 10010
1101101 2 0 -1
1101101 1 0 -1
1101101 1 1 10010
1101100 0 0 -1
1101100 0 1 10011
1101100 2 0 -1
1101100 2 1 10011
1101100 1 0 -1
1101100 1 1 10011
1101100 3 0 -1
1110000 0 0 -1
1110000 0 1 1111
1110000 2 0 -1
1110000 2 1 1111
1110000 4 0 -1
1110000 1 0 -1
1110000 1 1 1111
1110000 3 0 -1
1110000 3 1 1111
1110001 0 0 -1
1110001 0 1 1110
1110001 2 0 -1
1110001 2 1 1110
1110001 1 0 -1
1110001 1 1 1110
1110001 3 0 -1
1110010 0 0 -1
1110010 0 1 1101
1110010 2 0 -1
1110010 2 1 1101
1110010 1 0 -1
1110010 1 1 1101
1110010 3 0 -1
1110011 0 0 -1
1110011 0 1 1100
1110011 2 0 -1
1110011 1 0 -1
1110011 1 1 1100
1110100 0 0 -1
1110100 0 1 1011
1110100 2 0 -1
1110100 2 1 1011
1110100 1 0 -1
1110100 1 1 1011
1110100 3 0 -1
1110101 0 0 -1
1110101 0 1 1010
1110101 2 0 -1
1110101 1 0 -1
1110101 1 1 1010
1110111 0 0 -1
1110111 0 1 1000
1110111 1 0 -1
1110110 0 0 -1
1110110 0 1 1001
1110110 2 0 -1
1110110 1 0 -1
1110110 1 1 1001
1111000 0 0 -1
1111000 0 1 111
1111000 2 0 -1
1111000 2 1 111
1111000 1 0 -1
1111000 1 1 111
1111000 3 0 -1
1111001 0 0 -1
1111001 0 1 110
1111001 2 0 -1
1111001 1 0 -1
1111001 1 1 110
1111010 0 0 -1
1111010 0 1 101
1111010 2 0 -1
1111010 1 0 -1
1111010 1 1 101
1111011 0 0 -1
1111011 0 1 100
1111011 1 0 -1
1111100 0 0 -1
1111100 0 1 11
1111100 2 0 -1
1111100 1 0 -1
1111100 1 1 11
1111101 0 0 -1
1111101 0 1 10
1111101 1 0 -1
1111110 0 0 -1
1111110 0 1 1
1111110 1 0 -1
1111111 0 0 -1
